Generated by CrystalWriter
CRYSTAL
0 0 0
123 
3.92785 3.4338 
4
229 0.5 0.5 0.0
208 0 0.5 0
208 0.5 0 0
238 0.0 0.0 0.5
SUPERCEL
2.0 2.0 0.0 
2.0 -2.0 0.0
0.0 0.0 1.0
ATOMSYMM
MODISYMM
8
1       1
2       2 
3       3 
4       4
5       5 
6       6
7       7
8       8
END
229 11
INPUT
19 3 1 1 0 0 0
6.25149628 19.00000000 -1
6.72725326 118.77842940 1
6.61024592 -105.89982403 0
12.36568715 127.35069424 0
11.16072939 71.22984900 0
0 0 10 2 1
  0.2 0.0286878866897
  0.4 -0.0364413530365
  0.8 0.358763832032
  1.6 0.474343247928
  3.2 0.498447510592
  6.4 -0.270094109886
  12.8 -0.19207249392
  25.6 0.0629633270568
  51.2 -0.00853551842135
  102.4 0.000812242437275
0 0 10 0 1
  0.2 2.20172386547
  0.4 -2.28170595665
  0.8 1.46285008448
  1.6 -1.09989311533
  3.2 0.296788655986
  6.4 -0.12153417324
  12.8 0.117898710111
  25.6 -0.0341363112541
  51.2 0.00595066976203
  102.4 -0.00071519088395
0 2 7 6 1
  18.594006 0.003652
  14.303011 -0.037076
  5.63142 0.21712
  2.683011 0.440973
  1.258573 0.358723
  0.574084 0.114846
  0.20923 0.007316
0 3 10 9.25 1
  0.2 0.279289473482
  0.4 -0.117221524191
  0.8 0.420466340314
  1.6 0.166556512124
  3.2 0.31519384244
  6.4 0.201127125456
  12.8 0.128021225822
  25.6 0.00894474569825
  51.2 -0.00051734713442
  102.4 2.47330807683e-05
0 4 1 0 1
  1.6923298836 1.00000
0 0 1 0 1
0.2 1.0
0 0 1 0 1
0.6000000000000001 1.0
0 2 1 0 1
0.2 1.0
0 2 1 0 1
0.6000000000000001 1.0
0 3 1 0 1
0.2 1.0
0 3 1 0 1
0.6000000000000001 1.0
208 8
INPUT
6 3 1 0 0 0 0
9.29793903 6.00000000 -1
8.86492204 55.78763416 1
8.62925665 -38.81978498 0
8.71924452 38.41914135 0
0 0 10 2 1
  0.2 0.215448374976
  0.4 0.351884869096
  0.8 0.395141155066
  1.6 0.179458356356
  3.2 -0.0432052834993
  6.4 -0.105221770065
  12.8 0.0197823639914
  25.6 -0.00197386728468
  51.2 0.000387842127399
  102.4 -5.57569955803e-05
0 2 10 6 1
  0.2 0.283073445696
  0.4 0.205849797904
  0.8 0.303195415412
  1.6 0.218836382326
  3.2 0.136227390096
  6.4 0.0710086636515
  12.8 0.027416273511
  25.6 0.00161138147606
  51.2 1.51410458608e-05
  102.4 -2.8165242665e-06
0 3 1 0 1
  0.669340 1.000000
0 4 1 0 1
  1.423104 1.000000
0 0 1 0 1
0.2 1.0
0 0 1 0 1
0.6000000000000001 1.0
0 2 1 0 1
0.2 1.0
0 2 1 0 1
0.6000000000000001 1.0
238 8
INPUT
2 3 1 1 1 0 0
4.38393876 2.00000000 -1
3.19649834 8.76787753 1
0.98991497 -14.25524313 0
1.28683494 146.87160520 0
0.95674483 140.02622842 0
1.94831654 24.44548775 0
0 0 10 0 1
  0.2 0.688519195726
  0.4 -1.12060079327
  0.8 0.667777052063
  1.6 -0.264303359332
  3.2 0.107893172552
  6.4 -0.0467092058199
  12.8 0.0190367620017
  25.6 -0.00656798101781
  51.2 0.0015551383896
  102.4 -0.000192791210535
0 2 10 0 1
  0.2 0.316372269218
  0.4 -0.465851775006
  0.8 0.226987549209
  1.6 -0.066094426312
  3.2 0.0162954710475
  6.4 -0.00365084618826
  12.8 0.000705426577439
  25.6 -0.00017848079055
  51.2 3.06496147379e-05
  102.4 -2.71611465382e-06
0 3 1 0 1
  0.119806 1.000000
0 4 1 0 1
  0.164546 1.000000
0 0 1 0 1
0.2 1.0
0 0 1 0 1
0.6000000000000001 1.0
0 2 1 0 1
0.2 1.0
0 2 1 0 1
0.6000000000000001 1.0
99 0
CHARGED
END
SHRINK
0 12
5 5 4
DFT
SPIN
EXCHANGE
PBE
CORRELAT
PBE
HYBRID
25
XLGRID
END
SCFDIR
BIPOSIZE
100000000
EXCHSIZE
10000000
TOLDEE
9
FMIXING
30
TOLINTEG
8 8 8 8 16
MAXCYCLE
200
SMEAR
0.0
SPINLOCK
2 200
ATOMSPIN
8
1   -1
2    1      
3    1
4    1
5    1
6   -1
7   -1 
8   -1
SAVEWF
END
